0 0.646969696969697 0.7656723963599595 0.6556818181818181 0.7669362992922144 0.6645833333333333 0.7775530839231547 0.6645833333333333 0.787917087967644 0.649810606060606 0.8447927199191102 0.6460227272727272 0.8475733063700708 0.6320075757575757 0.8422649140546006 0.6301136363636364 0.83948432760364 0.6301136363636364 0.8319009100101112 0.6350378787878788 0.8131951466127402 0.6399621212121213 0.7775530839231547 0.6429924242424242 0.7697168857431749 0.646969696969697 0.7659251769464105
0 0.6151515151515151 0.7631445904954499 0.6278409090909091 0.7631445904954499 0.6348484848484849 0.7709807886754297 0.6327651515151516 0.8038422649140546 0.6287878787878788 0.8094034378159757 0.6278409090909091 0.8197674418604651 0.6198863636363636 0.8359453993933266 0.6179924242424243 0.846309403437816 0.6149621212121212 0.8501011122345804 0.603219696969697 0.8475733063700708 0.5992424242424242 0.8447927199191102 0.5982954545454545 0.8359453993933266 0.60625 0.801314459049545 0.60625 0.7909504550050556 0.609280303030303 0.7866531850353893 0.6111742424242425 0.7709807886754297 0.6151515151515151 0.7633973710819009
0 0.5833333333333334 0.7616279069767442 0.5941287878787879 0.7616279069767442 0.600189393939394 0.7669362992922144 0.6011363636363637 0.7785642062689585 0.5990530303030303 0.7960060667340748 0.6020833333333333 0.8000505561172901 0.600189393939394 0.8222952477249748 0.5981060606060606 0.8253286147623863 0.5981060606060606 0.8344287158746209 0.5962121212121212 0.8372093023255814 0.5931818181818181 0.8581900910010111 0.5863636363636363 0.8594539939332659 0.5704545454545454 0.8554095045500506 0.5685606060606061 0.852881698685541 0.5664772727272728 0.8422649140546006 0.5664772727272728 0.8225480283114257 0.5685606060606061 0.8197674418604651 0.5744318181818182 0.787917087967644 0.5744318181818182 0.7775530839231547 0.5795454545454546 0.7644084934277048 0.5833333333333334 0.7618806875631952
0 0.6081439393939394 0.5763397371081901 0.6119318181818182 0.5763397371081901 0.6170454545454546 0.5816481294236603 0.6189393939393939 0.5907482305358949 0.6170454545454546 0.60262891809909 0.58125 0.6129929221435794 0.5725378787878788 0.6117290192113246 0.5685606060606061 0.6038928210313448 0.5685606060606061 0.5935288169868554 0.5704545454545454 0.5882204246713852 0.5744318181818182 0.5854398382204247 0.6081439393939394 0.576592517694641
0 0.5397727272727273 0.5538422649140546 0.5475378787878787 0.5538422649140546 0.5524621212121212 0.557633973710819 0.5554924242424243 0.5710313447927199 0.5554924242424243 0.5826592517694641 0.5583333333333333 0.58948432760364 0.5583333333333333 0.6104651162790697 0.5456439393939394 0.6145096056622852 0.5397727272727273 0.609201213346815 0.5348484848484848 0.5733063700707786 0.5348484848484848 0.5591506572295247 0.5397727272727273 0.5540950455005056
0 0.6071969696969697 0.532608695652174 0.6149621212121212 0.532608695652174 0.6198863636363636 0.537917087967644 0.6210227272727272 0.5561172901921132 0.6179924242424243 0.5601617795753286 0.5933712121212121 0.5654701718907987 0.5871212121212122 0.5695146612740142 0.5734848484848485 0.5695146612740142 0.5695075757575757 0.564206268958544 0.5676136363636364 0.5548533872598584 0.5676136363636364 0.5457532861476239 0.571590909090909 0.5419615773508595 0.6071969696969697 0.5328614762386249
0 0.6053030303030303 0.4954499494438827 0.6130681818181818 0.4954499494438827 0.6170454545454546 0.5035389282103134 0.6179924242424243 0.5151668351870576 0.6170454545454546 0.5204752275025278 0.6140151515151515 0.5230030333670375 0.5695075757575757 0.5295753286147624 0.5664772727272728 0.5242669362992922 0.565530303030303 0.5151668351870576 0.5664772727272728 0.5048028311425683 0.5922348484848485 0.5007583417593529 0.6053030303030303 0.49570273003033366
0 0.5268939393939394 0.4598078867542973 0.5375 0.4598078867542973 0.5414772727272728 0.46233569261880686 0.5445075757575758 0.4729524772497472 0.5454545454545454 0.49393326592517695 0.5494318181818182 0.5141557128412538 0.5494318181818182 0.5270475227502528 0.5475378787878787 0.5295753286147624 0.540530303030303 0.532355915065723 0.5318181818181819 0.5310920121334681 0.5287878787878788 0.5164307381193124 0.5278409090909091 0.4967138523761375 0.5229166666666667 0.4820525783619818 0.5229166666666667 0.46359959555106167 0.5268939393939394 0.46006066734074824
0 0.7422348484848484 0.5457532861476239 0.7528409090909091 0.5457532861476239 0.7568181818181818 0.5510616784630941 0.7579545454545454 0.5679979777553084 0.7558712121212121 0.5720424671385238 0.7191287878787879 0.5813953488372093 0.7085227272727272 0.5813953488372093 0.7034090909090909 0.5748230535894844 0.7034090909090909 0.5604145601617796 0.7054924242424242 0.5563700707785642 0.7422348484848484 0.5460060667340748
0 0.7333333333333333 0.5088473205257836 0.7450757575757576 0.5088473205257836 0.7479166666666667 0.512639029322548 0.75 0.5270475227502528 0.7450757575757576 0.5348837209302325 0.7380681818181818 0.5376643073811931 0.7085227272727272 0.5401921132457027 0.7054924242424242 0.5376643073811931 0.7034090909090909 0.5257836198179979 0.7054924242424242 0.5154196157735086 0.7333333333333333 0.5091001011122346
0 0.7293560606060606 0.4689079878665319 0.7420454545454546 0.4689079878665319 0.7460227272727272 0.474216380182002 0.746969696969697 0.48988877654196156 0.7450757575757576 0.49393326592517695 0.7024621212121213 0.5005055611729019 0.696590909090909 0.49646107178968657 0.6945075757575757 0.49115267947421637 0.6945075757575757 0.4795247724974722 0.6975378787878788 0.474216380182002 0.7064393939393939 0.47042467138523764 0.7293560606060606 0.4691607684529828
0 0.7272727272727273 0.42669362992922144 0.7350378787878787 0.42669362992922144 0.7390151515151515 0.4398382204246714 0.7390151515151515 0.448938321536906 0.7331439393939394 0.45551061678463095 0.7214015151515152 0.4580384226491405 0.709280303030303 0.4648634984833165 0.6926136363636364 0.4673913043478261 0.687689393939394 0.4633468149646107 0.6846590909090909 0.45424671385237614 0.6856060606060606 0.44514661274014156 0.6895833333333333 0.4385743174924166 0.7045454545454546 0.4320020222446916 0.7272727272727273 0.4269464105156724
0 0.7193181818181819 0.3576845298281092 0.7320075757575758 0.3576845298281092 0.7380681818181818 0.3642568250758342 0.7390151515151515 0.3786653185035389 0.7350378787878787 0.3852376137512639 0.6945075757575757 0.39459049544994945 0.690530303030303 0.38928210313447925 0.6886363636363636 0.3814459049544995 0.6886363636363636 0.3736097067745197 0.6916666666666667 0.36703741152679475 0.7193181818181819 0.3579373104145602
0 0.5814393939393939 0.38296258847320525 0.5931818181818181 0.38296258847320525 0.5962121212121212 0.38549039433771487 0.5990530303030303 0.4011627906976744 0.5981060606060606 0.4064711830131446 0.5931818181818181 0.41177957532861476 0.5535984848484848 0.41708796764408496 0.5496212121212121 0.41456016177957533 0.5477272727272727 0.4052072800808898 0.5477272727272727 0.3961071789686552 0.5496212121212121 0.3920626895854398 0.5814393939393939 0.3832153690596562
0 0.5863636363636363 0.42138523761375124 0.603030303030303 0.42138523761375124 0.6060606060606061 0.42391304347826086 0.6090909090909091 0.4345298281092012 0.6090909090909091 0.4408493427704752 0.6060606060606061 0.448938321536906 0.5922348484848485 0.45424671385237614 0.5585227272727272 0.4580384226491405 0.5547348484848484 0.45424671385237614 0.5526515151515151 0.4476744186046512 0.5526515151515151 0.4345298281092012 0.5556818181818182 0.4304853387259858 0.5863636363636363 0.42163801820020225
0 0.7064393939393939 0.28235591506572294 0.7172348484848485 0.28361981799797775 0.7231060606060606 0.2901921132457027 0.7242424242424242 0.2992922143579373 0.7191287878787879 0.30990899898887764 0.6846590909090909 0.3177451971688574 0.6785984848484848 0.31243680485338726 0.6767045454545455 0.3046006066734075 0.6767045454545455 0.2942366026289181 0.6785984848484848 0.2901921132457027 0.7064393939393939 0.2826086956521739
0 0.6996212121212121 0.24115267947421637 0.7142045454545455 0.24241658240647118 0.7172348484848485 0.2517694641051567 0.7172348484848485 0.26466127401415573 0.7142045454545455 0.26870576339737107 0.6886363636363636 0.27401415571284127 0.678409090909091 0.2793225480283114 0.6708333333333333 0.2793225480283114 0.6647727272727273 0.27401415571284127 0.6628787878787878 0.25935288169868553 0.6638257575757576 0.2545500505561173 0.6678030303030303 0.2505055611729019 0.6996212121212121 0.24140546006066735
0 0.5011363636363636 0.2505055611729019 0.5087121212121212 0.2505055611729019 0.512689393939394 0.2558139534883721 0.51875 0.29802831142568253 0.5178030303030303 0.30712841253791706 0.5098484848484849 0.31243680485338726 0.503030303030303 0.31243680485338726 0.4971590909090909 0.3046006066734075 0.49109848484848484 0.2583417593528817 0.49507575757575756 0.2530333670374115 0.5011363636363636 0.25075834175935285
0 0.4871212121212121 0.1552072800808898 0.4979166666666667 0.1552072800808898 0.5009469696969697 0.1577350859453994 0.5068181818181818 0.19211324570273003 0.5068181818181818 0.21183013144590496 0.5049242424242424 0.21435793731041455 0.4948863636363636 0.21840242669362994 0.4871212121212121 0.21587462082912032 0.48409090909090907 0.20652173913043478 0.4803030303030303 0.17340748230535896 0.48125 0.16051567239635997 0.4871212121212121 0.15546006066734075
0 0.6886363636363636 0.17770475227502527 0.7003787878787879 0.17770475227502527 0.7043560606060606 0.18301314459049545 0.70625 0.19843276036400403 0.703219696969697 0.20525783619817997 0.6804924242424243 0.21056622851365014 0.6577651515151515 0.21183013144590496 0.6537878787878788 0.20247724974721942 0.6549242424242424 0.18554095045500504 0.6628787878787878 0.18149646107178968 0.6886363636363636 0.17795753286147623
0 0.6797348484848484 0.1430738119312437 0.6924242424242424 0.1430738119312437 0.6973484848484849 0.1552072800808898 0.6964015151515152 0.16683518705763398 0.6835227272727272 0.17340748230535896 0.6615530303030303 0.17745197168857432 0.6528409090909091 0.17745197168857432 0.65 0.17467138523761375 0.6479166666666667 0.16683518705763398 0.6479166666666667 0.1577350859453994 0.65 0.15242669362992922 0.6568181818181819 0.14838220424671386 0.6797348484848484 0.14332659251769464
0 0.6785984848484848 0.10616784630940344 0.6875 0.10616784630940344 0.6954545454545454 0.11274014155712841 0.6954545454545454 0.12714863498483317 0.6903409090909091 0.13372093023255813 0.6518939393939394 0.13751263902932254 0.6488636363636363 0.13498483316481294 0.646969696969697 0.12032355915065723 0.6488636363636363 0.11274014155712841 0.6549242424242424 0.10995955510616785 0.6785984848484848 0.1064206268958544
0 0.665719696969697 0.06900910010111223 0.684469696969697 0.06900910010111223 0.6914772727272728 0.07684529828109202 0.6914772727272728 0.08998988877654196 0.6893939393939394 0.09403437815975733 0.6755681818181818 0.09908998988877654 0.6617424242424242 0.09908998988877654 0.6537878787878788 0.10313447927199192 0.65 0.09908998988877654 0.646969696969697 0.08998988877654196 0.646969696969697 0.07962588473205258 0.6528409090909091 0.07305358948432761 0.665719696969697 0.0692618806875632
0 0.47424242424242424 0.04777553083923155 0.4850378787878788 0.04903943377148635 0.4909090909090909 0.07684529828109202 0.49393939393939396 0.10465116279069768 0.49393939393939396 0.11248736097067745 0.48996212121212124 0.11653185035389282 0.4772727272727273 0.11779575328614762 0.4732954545454545 0.11122345803842265 0.4653409090909091 0.055864509605662284 0.4702651515151515 0.04903943377148635 0.47424242424242424 0.04802831142568251
0 0.5011363636363636 0 0.5465909090909091 0 0.5465909090909091 0.011880687563195146 0.5445075757575758 0.018452982810920122 0.5058712121212121 0.029069767441860465 0.5 0.025025278058645097 0.4971590909090909 0.015672396359959553 0.4971590909090909 0.006825075834175936 0.5011363636363636 0.0002527805864509606
0 0.45738636363636365 0 0.47897727272727275 0 0.48011363636363635 0.00935288169868554 0.478030303030303 0.030333670374115267 0.46325757575757576 0.03286147623862487 0.4583333333333333 0.0262891809908999 0.45738636363636365 0.0002527805864509606
0 0.625189393939394 0 0.6636363636363637 0 0.6636363636363637 0.0025278058645096056 0.6439393939393939 0.0025278058645096056 0.6348484848484849 0.007836198179979777 0.628030303030303 0.006572295247724975 0.625189393939394 0.0002527805864509606