1 0.3412878787878788 0.6729019211324571 0.3549242424242424 0.6729019211324571 0.35890151515151514 0.6782103134479271 0.35700757575757575 0.6845298281092013 0.3443181818181818 0.6832659251769464 0.3403409090909091 0.6807381193124368 0.3412878787878788 0.673154701718908
0 0.8871212121212121 0 0.9395833333333333 0 0.9395833333333333 0.018452982810920122 0.9384469696969697 0.020980788675429726 0.9325757575757576 0.02249747219413549 0.8890151515151515 0.020980788675429726 0.8871212121212121 0.014408493427704751 0.8871212121212121 0.0002527805864509606
0 0.5089015151515152 0.3935793731041456 0.5178030303030303 0.3961071789686552 0.521780303030303 0.40015166835187055 0.5166666666666667 0.4332659251769464 0.515719696969697 0.45551061678463095 0.5117424242424242 0.4580384226491405 0.5011363636363636 0.45677451971688576 0.4971590909090909 0.4527300303336704 0.4971590909090909 0.4385743174924166 0.5011363636363636 0.4211324570273003 0.5011363636363636 0.4026794742163802 0.503030303030303 0.3961071789686552 0.5089015151515152 0.39383215369059654
0 0.5348484848484848 0.40419615773508594 0.5414772727272728 0.40419615773508594 0.5475378787878787 0.4079878665318504 0.5435606060606061 0.4504550050556117 0.5445075757575758 0.45677451971688576 0.5414772727272728 0.4620829120323559 0.5357954545454545 0.4633468149646107 0.5259469696969697 0.4595551061678463 0.524810606060606 0.45677451971688576 0.5268939393939394 0.45020222446916075 0.5268939393939394 0.4373104145601618 0.5308712121212121 0.4264408493427705 0.5327651515151515 0.40672396359959556 0.5348484848484848 0.4044489383215369
0 0.5636363636363636 0.4079878665318504 0.5742424242424242 0.4107684529828109 0.5772727272727273 0.4160768452982811 0.5714015151515152 0.4673913043478261 0.5662878787878788 0.47143579373104144 0.5556818181818182 0.46865520728008087 0.5526515151515151 0.4661274014155713 0.5517045454545455 0.4598078867542973 0.5566287878787879 0.43832153690596565 0.5575757575757576 0.4186046511627907 0.5596590909090909 0.4120323559150657 0.5636363636363636 0.4082406471183013
0 0.5893939393939394 0.4160768452982811 0.600189393939394 0.4173407482305359 0.6060606060606061 0.4251769464105157 0.600189393939394 0.47800808897876645 0.5962121212121212 0.4845803842264914 0.5833333333333334 0.4833164812942366 0.5784090909090909 0.4792719919110212 0.5774621212121213 0.47042467138523764 0.5795454545454546 0.4544994944388271 0.5823863636363636 0.448938321536906 0.584469696969697 0.42264914054600605 0.5893939393939394 0.41632962588473205
0 0.6172348484848484 0.4304853387259858 0.6287878787878788 0.4332659251769464 0.6339015151515152 0.4398382204246714 0.6299242424242424 0.47143579373104144 0.6238636363636364 0.49519716885743176 0.6198863636363636 0.49797775530839233 0.6111742424242425 0.49646107178968657 0.60625 0.49115267947421637 0.6053030303030303 0.481041456016178 0.6121212121212121 0.4385743174924166 0.6172348484848484 0.43073811931243683
0 0.6448863636363636 0.44792719919110213 0.6556818181818181 0.44919110212335694 0.6587121212121212 0.4544994944388271 0.6517045454545455 0.49797775530839233 0.6486742424242424 0.5005055611729019 0.6380681818181818 0.49924165824064715 0.6350378787878788 0.49646107178968657 0.634090909090909 0.49014155712841256 0.6399621212121213 0.47269969666329625 0.6399621212121213 0.46511627906976744 0.6448863636363636 0.4481799797775531
0 0.6727272727272727 0.44919110212335694 0.6835227272727272 0.4517189079878665 0.6875 0.4582912032355915 0.6795454545454546 0.5123862487360971 0.6774621212121212 0.5151668351870576 0.6628787878787878 0.5139029322548029 0.6598484848484848 0.5098584428715874 0.6598484848484848 0.4994944388270981 0.6668560606060606 0.47800808897876645 0.66875 0.4529828109201213 0.6727272727272727 0.4494438827098079
0 0.7253787878787878 0.4582912032355915 0.7420454545454546 0.4598078867542973 0.7460227272727272 0.4716885743174924 0.7420454545454546 0.5088473205257836 0.7420454545454546 0.5151668351870576 0.7450757575757576 0.519211324570273 0.7450757575757576 0.5283114256825076 0.7392045454545455 0.5257836198179979 0.7371212121212121 0.5295753286147624 0.7153409090909091 0.5295753286147624 0.7134469696969697 0.512639029322548 0.7164772727272727 0.4757330637007078 0.7181818181818181 0.4757330637007078 0.7193181818181819 0.481041456016178 0.7214015151515152 0.480788675429727 0.7214015151515152 0.4757330637007078 0.7193181818181819 0.474216380182002 0.7214015151515152 0.47269969666329625 0.7223484848484848 0.46107178968655205 0.7253787878787878 0.4585439838220425
0 0.4732954545454545 0.8159757330637007 0.48295454545454547 0.8172396359959555 0.49299242424242423 0.8253286147623863 0.4960227272727273 0.8306370070778564 0.5049242424242424 0.8359453993933266 0.5107954545454545 0.8437815975733064 0.5098484848484849 0.8581900910010111 0.5058712121212121 0.8647623862487361 0.49981060606060607 0.8688068756319515 0.49507575757575756 0.8675429726996967 0.4890151515151515 0.8594539939332659 0.47632575757575757 0.8501011122345804 0.4672348484848485 0.8369565217391305 0.4672348484848485 0.826592517694641 0.4732954545454545 0.8162285136501517
0 0.5128787878787879 0.801567239635996 0.5236742424242424 0.801567239635996 0.5327651515151515 0.8081395348837209 0.5337121212121212 0.8053589484327603 0.5386363636363637 0.8053589484327603 0.5397727272727273 0.8094034378159757 0.5426136363636364 0.8094034378159757 0.5386363636363637 0.8157229524772498 0.5505681818181818 0.8225480283114257 0.5545454545454546 0.8293731041456016 0.5545454545454546 0.8344287158746209 0.5475378787878787 0.8516177957532861 0.5414772727272728 0.8581900910010111 0.537689393939394 0.8569261880687563 0.5325757575757576 0.8501011122345804 0.5259469696969697 0.846309403437816 0.5227272727272727 0.83948432760364 0.5189393939393939 0.8382204246713852 0.5138257575757575 0.8303842264914054 0.5089015151515152 0.8276036400404448 0.5079545454545454 0.8094034378159757 0.5089015151515152 0.8040950455005056 0.5128787878787879 0.8018200202224469
0 0.5526515151515151 0.7856420626895855 0.5583333333333333 0.7856420626895855 0.5732954545454545 0.7947421638018201 0.5734848484848485 0.8000505561172901 0.584280303030303 0.8053589484327603 0.5852272727272727 0.8104145601617796 0.5892045454545455 0.8119312436804853 0.5910984848484848 0.8200202224469161 0.5901515151515152 0.8291203235591507 0.5821969696969697 0.846309403437816 0.5784090909090909 0.846309403437816 0.5674242424242424 0.8344287158746209 0.5585227272727272 0.8291203235591507 0.5556818181818182 0.8212841253791708 0.5477272727272727 0.8144590495449949 0.5477272727272727 0.8106673407482305 0.5547348484848484 0.8104145601617796 0.5535984848484848 0.8040950455005056 0.5496212121212121 0.8038422649140546 0.5475378787878787 0.8091506572295247 0.54375 0.80788675429727 0.54375 0.8040950455005056 0.546780303030303 0.7997977755308392 0.54375 0.7947421638018201 0.5526515151515151 0.7858948432760364
0 0.5903409090909091 0.78159757330637 0.6011363636363637 0.78159757330637 0.6111742424242425 0.7922143579373104 0.6170454545454546 0.7909504550050556 0.6160984848484848 0.7947421638018201 0.6198863636363636 0.7947421638018201 0.6221590909090909 0.8000505561172901 0.6308712121212121 0.8040950455005056 0.6308712121212121 0.8104145601617796 0.6348484848484849 0.8134479271991911 0.6339015151515152 0.8263397371081901 0.6299242424242424 0.8344287158746209 0.6142045454545455 0.8344287158746209 0.6090909090909091 0.8276036400404448 0.603219696969697 0.8250758341759353 0.600189393939394 0.8185035389282103 0.5964015151515152 0.8185035389282103 0.5922348484848485 0.8116784630940344 0.587310606060606 0.8091506572295247 0.584469696969697 0.801314459049545 0.584469696969697 0.7909504550050556 0.587310606060606 0.7828614762386249 0.5903409090909091 0.781850353892821
0 0.6301136363636364 0.7656723963599595 0.6357954545454545 0.7656723963599595 0.6507575757575758 0.7775530839231547 0.6537878787878788 0.7841253791708797 0.6615530303030303 0.7869059656218402 0.6647727272727273 0.7922143579373104 0.6685606060606061 0.7922143579373104 0.6734848484848485 0.7975227502527806 0.6706439393939394 0.8116784630940344 0.662689393939394 0.8250758341759353 0.6577651515151515 0.8263397371081901 0.646969696969697 0.8157229524772498 0.6428030303030303 0.8063700707785642 0.6399621212121213 0.8063700707785642 0.6378787878787879 0.801314459049545 0.6301136363636364 0.7972699696663297 0.6221590909090909 0.787917087967644 0.6221590909090909 0.7788169868554095 0.6301136363636364 0.7659251769464105
0 0.6696969696969697 0.7537917087967644 0.6814393939393939 0.7537917087967644 0.6846590909090909 0.7603640040444893 0.6903409090909091 0.7603640040444893 0.7005681818181818 0.7722446916076845 0.7053030303030303 0.7737613751263903 0.7083333333333334 0.7987866531850354 0.70625 0.80788675429727 0.7013257575757575 0.8144590495449949 0.696590909090909 0.8144590495449949 0.6943181818181818 0.8104145601617796 0.6816287878787879 0.801314459049545 0.6666666666666666 0.782608695652174 0.6617424242424242 0.7800808897876643 0.6617424242424242 0.7656723963599595 0.6696969696969697 0.7540444893832153
0 0.7193181818181819 0.7457027300303337 0.728030303030303 0.7484833164812943 0.7293560606060606 0.7537917087967644 0.7359848484848485 0.756319514661274 0.7401515151515151 0.7616279069767442 0.7450757575757576 0.7631445904954499 0.7481060606060606 0.7684529828109201 0.7528409090909091 0.7697168857431749 0.7558712121212121 0.7750252780586451 0.7568181818181818 0.7828614762386249 0.7528409090909091 0.7932254802831142 0.7431818181818182 0.7972699696663297 0.7340909090909091 0.7891809908998989 0.728219696969697 0.787917087967644 0.7172348484848485 0.7747724974721941 0.7113636363636363 0.7735085945399394 0.7073863636363636 0.7641557128412538 0.709469696969697 0.7525278058645096 0.7125 0.7484833164812943 0.7193181818181819 0.7459555106167847
0 0.9753787878787878 0.2120829120323559 0.9831439393939394 0.2120829120323559 0.9840909090909091 0.21461071789686553 0.9852272727272727 0.2249747219413549 0.9831439393939394 0.23685540950455006 0.9653409090909091 0.2462082912032356 0.9464015151515152 0.25151668351870576 0.9318181818181818 0.25025278058645095 0.9287878787878788 0.2396359959555106 0.9287878787878788 0.22800808897876643 0.9346590909090909 0.22143579373104147 0.9753787878787878 0.2123356926188069
0 0.9695075757575757 0.2861476238624874 0.9840909090909091 0.28766430738119314 0.9852272727272727 0.29524772497472196 0.98125 0.29802831142568253 0.98125 0.31521739130434784 0.9554924242424242 0.320525783619818 0.9524621212121213 0.3230535894843276 0.9435606060606061 0.3230535894843276 0.9386363636363636 0.31648129423660265 0.937689393939394 0.30990899898887764 0.937689393939394 0.30080889787664306 0.9397727272727273 0.2955005055611729 0.9486742424242425 0.2901921132457027 0.9695075757575757 0.28640040444893833
1 0.3482954545454545 0.6584934277047523 0.36287878787878786 0.6610212335692619 0.3698863636363636 0.6663296258847321 0.36893939393939396 0.6726491405460061 0.3482954545454545 0.6713852376137512 0.3443181818181818 0.666076845298281 0.3452651515151515 0.6610212335692619 0.3482954545454545 0.6587462082912032
1 0.35018939393939397 0.6425682507583418 0.36685606060606063 0.6450960566228514 0.371780303030303 0.6491405460060667 0.371780303030303 0.6554600606673407 0.3698863636363636 0.6567239635995955 0.3581439393939394 0.6554600606673407 0.34924242424242424 0.6514155712841254 0.35018939393939397 0.6428210313447927
1 0.35511363636363635 0.6253791708796764 0.371780303030303 0.627906976744186 0.3768939393939394 0.6332153690596563 0.37575757575757573 0.6395348837209303 0.36022727272727273 0.6382709807886754 0.35321969696969696 0.6329625884732053 0.35511363636363635 0.6256319514661274
1 0.3581439393939394 0.6081900910010111 0.37386363636363634 0.6081900910010111 0.3778409090909091 0.6119817997977756 0.3768939393939394 0.6198179979777553 0.3710227272727273 0.6210819009100101 0.35625 0.6170374115267947 0.35511363636363635 0.6107178968655207 0.3581439393939394 0.6084428715874621
1 0.3611742424242424 0.5935288169868554 0.37386363636363634 0.5935288169868554 0.3827651515151515 0.6001011122345804 0.3827651515151515 0.6064206268958544 0.3808712121212121 0.6079373104145601 0.3710227272727273 0.6079373104145601 0.3611742424242424 0.6038928210313448 0.35909090909090907 0.5998483316481295 0.35909090909090907 0.5947927199191102 0.3611742424242424 0.5937815975733064
1 0.36704545454545456 0.5710313447927199 0.38484848484848483 0.5788675429726997 0.38484848484848483 0.5879676440849343 0.38181818181818183 0.5904954499494439 0.36799242424242423 0.5879676440849343 0.36306818181818185 0.5851870576339737 0.3640151515151515 0.5750758341759353 0.36704545454545456 0.5712841253791708
1 0.3691287878787879 0.557633973710819 0.37386363636363634 0.557633973710819 0.3867424242424242 0.5644590495449949 0.3867424242424242 0.5720424671385238 0.38484848484848483 0.5733063700707786 0.3731060606060606 0.5720424671385238 0.36515151515151517 0.5667340748230536 0.36515151515151517 0.5604145601617796 0.3691287878787879 0.55788675429727
1 0.37196969696969695 0.5444893832153691 0.38768939393939394 0.5457532861476239 0.3926136363636364 0.5497977755308392 0.39166666666666666 0.5588978766430738 0.38503787878787876 0.5588978766430738 0.37196969696969695 0.5535894843276037 0.37007575757575756 0.5508088978766431 0.37007575757575756 0.5457532861476239 0.37196969696969695 0.5447421638018201
1 0.37803030303030305 0.5101112234580384 0.38977272727272727 0.5113751263902933 0.3965909090909091 0.519211324570273 0.3965909090909091 0.5230030333670375 0.3946969696969697 0.5242669362992922 0.3789772727272727 0.5204752275025278 0.3759469696969697 0.5164307381193124 0.37803030303030305 0.5103640040444893
1 0.3789772727272727 0.4967138523761375 0.3996212121212121 0.5007583417593529 0.40265151515151515 0.5048028311425683 0.4017045454545455 0.5098584428715874 0.3918560606060606 0.5098584428715874 0.3789772727272727 0.5045500505561172 0.3789772727272727 0.4969666329625885
1 0.38693181818181815 0.4782608695652174 0.39375 0.4782608695652174 0.40662878787878787 0.48356926188068755 0.40662878787878787 0.49115267947421637 0.40075757575757576 0.49266936299292213 0.38693181818181815 0.487360970677452 0.38693181818181815 0.47851365015166836
1 0.3878787878787879 0.4582912032355915 0.3965909090909091 0.4582912032355915 0.4106060606060606 0.46638018200202225 0.4096590909090909 0.47396359959555107 0.3918560606060606 0.47269969666329625 0.3859848484848485 0.4661274014155713 0.3878787878787879 0.4585439838220425
1 0.3878787878787879 0.4398382204246714 0.40265151515151515 0.44388270980788674 0.4075757575757576 0.44919110212335694 0.4075757575757576 0.45424671385237614 0.4056818181818182 0.45551061678463095 0.3958333333333333 0.45551061678463095 0.390719696969697 0.45146612740141556 0.3859848484848485 0.45146612740141556 0.38390151515151516 0.44514661274014156 0.3878787878787879 0.44009100101112236