0 0.9793560606060606 0.1511627906976744 0.9910984848484848 0.15369059656218403 0.9950757575757576 0.1589989888776542 0.996969696969697 0.16835187057633974 0.996969696969697 0.19059656218402427 0.9920454545454546 0.20652173913043478 0.984280303030303 0.20652173913043478 0.9763257575757576 0.2012133468149646 0.9734848484848485 0.1936299292214358 0.9763257575757576 0.18402426693629928 0.9774621212121212 0.1552072800808898 0.9793560606060606 0.1514155712841254
0 0.959469696969697 0.1365015166835187 0.9662878787878788 0.1365015166835187 0.9702651515151515 0.13928210313447928 0.9761363636363637 0.1511627906976744 0.9761363636363637 0.1827603640040445 0.9742424242424242 0.19186046511627908 0.9712121212121212 0.19716885743174925 0.9606060606060606 0.19716885743174925 0.9566287878787879 0.19464105156723963 0.9545454545454546 0.19059656218402427 0.9545454545454546 0.1552072800808898 0.9554924242424242 0.14180990899898888 0.959469696969697 0.13675429726996965
0 0.937689393939394 0.12335692618806876 0.9484848484848485 0.12588473205257836 0.9543560606060606 0.13928210313447928 0.9543560606060606 0.1615267947421638 0.9494318181818182 0.17997977755308392 0.9473484848484849 0.1827603640040445 0.937689393939394 0.1827603640040445 0.9306818181818182 0.1787158746208291 0.9287878787878788 0.17593528816986856 0.9287878787878788 0.1589989888776542 0.9318181818181818 0.12992922143579372 0.9346590909090909 0.12462082912032356 0.937689393939394 0.12360970677451971
0 0.9138257575757576 0.11804853387259859 0.9265151515151515 0.12057633973710818 0.9304924242424243 0.12588473205257836 0.9304924242424243 0.14812942366026288 0.9276515151515151 0.16279069767441862 0.9225378787878787 0.1680990899898888 0.9138257575757576 0.16683518705763398 0.9070075757575757 0.160262891809909 0.9089015151515152 0.12588473205257836 0.9138257575757576 0.11830131445904954
0 0.8910984848484849 0.10338725985844287 0.899810606060606 0.10338725985844287 0.9056818181818181 0.10743174924165824 0.9087121212121212 0.11931243680485339 0.9068181818181819 0.14560161779575329 0.9037878787878788 0.15874620829120323 0.8977272727272727 0.16279069767441862 0.8880681818181818 0.15874620829120323 0.8850378787878788 0.15343781597573306 0.8861742424242425 0.11274014155712841 0.8880681818181818 0.10616784630940344 0.8910984848484849 0.10364004044489383
0 0.8482954545454545 0.08215369059656219 0.8590909090909091 0.08493427704752275 0.8621212121212121 0.09150657229524772 0.8600378787878787 0.12714863498483317 0.8571969696969697 0.1339737108190091 0.8571969696969697 0.14155712841253792 0.853219696969697 0.14812942366026288 0.8454545454545455 0.14964610717896865 0.8365530303030303 0.14560161779575329 0.8335227272727272 0.13751263902932254 0.834469696969697 0.11526794742163801 0.8384469696969697 0.09277047522750252 0.8482954545454545 0.08240647118301314
0 0.44450757575757577 0.11147623862487362 0.4513257575757576 0.11147623862487362 0.4581439393939394 0.12057633973710818 0.4630681818181818 0.16557128412537916 0.4630681818181818 0.1787158746208291 0.4571969696969697 0.1865520728008089 0.4484848484848485 0.18806875631951467 0.44053030303030305 0.1787158746208291 0.4365530303030303 0.14560161779575329 0.4365530303030303 0.11931243680485339 0.4395833333333333 0.11400404448938321 0.44450757575757577 0.11172901921132457
0 0.3314393939393939 0.1589989888776542 0.34299242424242427 0.1589989888776542 0.34602272727272726 0.16177957532861476 0.3490530303030303 0.17087967644084934 0.35397727272727275 0.2077856420626896 0.35700757575757575 0.2161274014155713 0.3560606060606061 0.2249747219413549 0.35 0.23154701718907988 0.33731060606060603 0.23306370070778565 0.33428030303030304 0.22901921132457026 0.32840909090909093 0.1999494438827098 0.3253787878787879 0.17214357937310415 0.3263257575757576 0.16430738119312438 0.3314393939393939 0.15925176946410516
0 0.6261363636363636 0.2770475227502528 0.6357954545454545 0.2770475227502528 0.6397727272727273 0.28235591506572294 0.640719696969697 0.3005561172901921 0.6357954545454545 0.3058645096056623 0.5943181818181819 0.3137007077856421 0.5912878787878788 0.3083923154701719 0.5893939393939394 0.29777553083923153 0.5893939393939394 0.28892821031344795 0.5924242424242424 0.2861476238624874 0.6261363636363636 0.27730030333670375
0 0.6399621212121213 0.34984833164812945 0.6486742424242424 0.352376137512639 0.6507575757575758 0.3576845298281092 0.6517045454545455 0.37740141557128415 0.649810606060606 0.3786653185035389 0.6327651515151516 0.3867542972699697 0.6051136363636364 0.39332659251769464 0.5982954545454545 0.3918099089989889 0.5933712121212121 0.3786653185035389 0.5952651515151515 0.36172901921132455 0.5982954545454545 0.358948432760364 0.6399621212121213 0.3501011122345804
0 0.5089015151515152 0.4517189079878665 0.51875 0.4517189079878665 0.5246212121212122 0.46107178968655205 0.5236742424242424 0.47800808897876645 0.51875 0.4820525783619818 0.4672348484848485 0.48988877654196156 0.46325757575757576 0.4792719919110212 0.46325757575757576 0.46638018200202225 0.4653409090909091 0.46359959555106167 0.47821969696969696 0.4582912032355915 0.5089015151515152 0.45197168857431747
0 0.5367424242424242 0.7153690596562184 0.5494318181818182 0.7153690596562184 0.5545454545454546 0.7232052578361982 0.5545454545454546 0.7376137512639029 0.5515151515151515 0.7441860465116279 0.5395833333333333 0.7494944388270981 0.5299242424242424 0.7494944388270981 0.5138257575757575 0.7548028311425683 0.5051136363636364 0.7522750252780587 0.5011363636363636 0.7441860465116279 0.5011363636363636 0.7325581395348837 0.5070075757575757 0.7219413549039434 0.5367424242424242 0.7156218402426694
0 0.4971590909090909 0.8346814964610718 0.5028409090909091 0.8359453993933266 0.5087121212121212 0.846562184024267 0.512689393939394 0.8915571284125379 0.512689393939394 0.9019211324570273 0.5058712121212121 0.9072295247724975 0.4971590909090909 0.9072295247724975 0.49204545454545456 0.897876643073812 0.49015151515151517 0.8768958543983822 0.4861742424242424 0.8622345803842265 0.48522727272727273 0.8437815975733064 0.48806818181818185 0.8384732052578362 0.4971590909090909 0.8349342770475228
0 0.5615530303030303 0.826592517694641 0.5702651515151516 0.8278564206268959 0.5742424242424242 0.8359453993933266 0.5753787878787879 0.852881698685541 0.5714015151515152 0.8594539939332659 0.5435606060606061 0.8660262891809909 0.5318181818181819 0.8660262891809909 0.5278409090909091 0.8622345803842265 0.524810606060606 0.8488372093023255 0.5259469696969697 0.8425176946410515 0.5327651515151515 0.8359453993933266 0.5554924242424243 0.8306370070778564 0.5615530303030303 0.826845298281092
0 0.5744318181818182 0.8624873609706775 0.5793560606060606 0.8650151668351871 0.5821969696969697 0.8728513650151668 0.5821969696969697 0.8913043478260869 0.5803030303030303 0.8938321536905965 0.5397727272727273 0.9019211324570273 0.5348484848484848 0.897876643073812 0.5327651515151515 0.8900404448938322 0.5327651515151515 0.878159757330637 0.537689393939394 0.8728513650151668 0.5744318181818182 0.8627401415571284
0 0.5100378787878788 0.923407482305359 0.5147727272727273 0.923407482305359 0.5196969696969697 0.9287158746208292 0.5276515151515152 0.9775025278058646 0.5276515151515152 0.9919110212335692 0.5246212121212122 0.9959555106167847 0.5109848484848485 0.9972194135490394 0.5079545454545454 0.9946916076845298 0.5011363636363636 0.9641051567239636 0.4981060606060606 0.9352881698685541 0.5020833333333333 0.9259352881698686 0.5100378787878788 0.9236602628918099
0 0.6678030303030303 0.6081900910010111 0.6795454545454546 0.6081900910010111 0.6823863636363636 0.6119817997977756 0.684469696969697 0.6172901921132457 0.684469696969697 0.6329625884732053 0.6823863636363636 0.6370070778564206 0.6399621212121213 0.6488877654196158 0.634090909090909 0.6448432760364005 0.6310606060606061 0.6342264914054601 0.6310606060606061 0.6225985844287159 0.6350378787878788 0.6185540950455005 0.65 0.6119817997977756 0.6678030303030303 0.6084428715874621
0 0.6816287878787879 0.6875631951466128 0.6903409090909091 0.6875631951466128 0.6954545454545454 0.6928715874620829 0.6973484848484849 0.7085439838220424 0.6933712121212121 0.7163801820020222 0.6725378787878787 0.7216885743174924 0.6488636363636363 0.7229524772497472 0.6460227272727272 0.7191607684529828 0.6439393939393939 0.7072800808897877 0.6439393939393939 0.7007077856420627 0.6488636363636363 0.6941354903943378 0.6816287878787879 0.6878159757330637
0 0.6945075757575757 0.7578361981799798 0.7022727272727273 0.7578361981799798 0.7043560606060606 0.7616279069767442 0.7043560606060606 0.7707280080889788 0.6933712121212121 0.7919615773508595 0.6628787878787878 0.7960060667340748 0.6568181818181819 0.7866531850353893 0.6568181818181819 0.7697168857431749 0.6598484848484848 0.7656723963599595 0.6795454545454546 0.7631445904954499 0.6945075757575757 0.7580889787664308
0 0.696590909090909 0.7987866531850354 0.703219696969697 0.8000505561172901 0.70625 0.8066228513650152 0.7071969696969697 0.8185035389282103 0.7003787878787879 0.8250758341759353 0.6678030303030303 0.8356926188068756 0.6617424242424242 0.8316481294236603 0.6598484848484848 0.8222952477249748 0.6607954545454545 0.8094034378159757 0.696590909090909 0.7990394337714863
0 0.7015151515151515 0.8319009100101112 0.709280303030303 0.8359453993933266 0.7102272727272727 0.8501011122345804 0.6933712121212121 0.8634984833164813 0.6708333333333333 0.8660262891809909 0.665719696969697 0.8622345803842265 0.6638257575757576 0.8569261880687563 0.665719696969697 0.8437815975733064 0.6736742424242425 0.839737108190091 0.6933712121212121 0.8372093023255814 0.7015151515151515 0.8321536905965622
0 0.7183712121212121 0.9312436804853387 0.7270833333333333 0.9352881698685541 0.7291666666666666 0.9418604651162791 0.7291666666666666 0.954752275025278 0.7221590909090909 0.9641051567239636 0.7071969696969697 0.9706774519716885 0.6935606060606061 0.9719413549039434 0.6865530303030303 0.9668857431749242 0.6837121212121212 0.9587967644084934 0.6865530303030303 0.9418604651162791 0.7183712121212121 0.9314964610717897
0 0.7193181818181819 0.9737108190091001 0.7270833333333333 0.9737108190091001 0.7301136363636364 0.9775025278058646 0.7310606060606061 0.9959555106167847 0.728219696969697 0.9972194135490394 0.728030303030303 0.999747219413549 0.6837121212121212 0.999747219413549 0.6825757575757576 0.9972194135490394 0.6837121212121212 0.9855915065722952 0.6895833333333333 0.9802831142568251 0.7083333333333334 0.9790192113245703 0.7193181818181819 0.973963599595551