0 0.6041666666666666 0.0015166835187057635 0.6179924242424243 0.004044489383215369 0.6198863636363636 0.02249747219413549 0.6140151515151515 0.029069767441860465 0.5765151515151515 0.03564206268958544 0.571590909090909 0.030333670374115267 0.5685606060606061 0.015672396359959553 0.5685606060606061 0.012133468149646108 0.5725378787878788 0.008088978766430738 0.58125 0.006825075834175936 0.587310606060606 0.002780586450960566 0.6041666666666666 0.001769464105156724
0 0.6151515151515151 0.06370070778564206 0.6287878787878788 0.06622851365015167 0.6318181818181818 0.07684529828109202 0.6318181818181818 0.09251769464105157 0.6299242424242424 0.09656218402426693 0.5871212121212122 0.10717896865520728 0.5765151515151515 0.10591506572295248 0.5744318181818182 0.09782608695652174 0.5755681818181818 0.07962588473205258 0.5795454545454546 0.07153690596562184 0.5924242424242424 0.06622851365015167 0.6151515151515151 0.06395348837209303
0 0.49015151515151517 0.16051567239635997 0.5018939393939394 0.16051567239635997 0.5068181818181818 0.16430738119312438 0.5087121212121212 0.16961577350859455 0.5087121212121212 0.18124368048533873 0.5028409090909091 0.19059656218402427 0.4732954545454545 0.19337714863498484 0.46325757575757576 0.1999494438827098 0.46117424242424243 0.19716885743174925 0.4524621212121212 0.19716885743174925 0.4484848484848485 0.1852881698685541 0.4484848484848485 0.1736602628918099 0.45151515151515154 0.16961577350859455 0.45928030303030304 0.16557128412537916 0.46704545454545454 0.16708796764408493 0.49015151515151517 0.16076845298281092
0 0.6518939393939394 0.3126895854398382 0.6606060606060606 0.3126895854398382 0.665530303030303 0.3154701718907988 0.6676136363636364 0.32077856420626893 0.6666666666666666 0.33771486349848334 0.6556818181818181 0.3430232558139535 0.6429924242424242 0.3442871587462083 0.6287878787878788 0.34959555106167844 0.6191287878787879 0.34959555106167844 0.6151515151515151 0.3415065722952477 0.6151515151515151 0.32735085945399395 0.6172348484848484 0.32330637007077856 0.628030303030303 0.3179979777553084 0.6518939393939394 0.31294236602628916
0 0.6549242424242424 0.38953488372093026 0.6746212121212121 0.38953488372093026 0.6795454545454546 0.3935793731041456 0.6814393939393939 0.39737108190091003 0.6814393939393939 0.41177957532861476 0.678409090909091 0.41708796764408496 0.6566287878787879 0.4223963599595551 0.6329545454545454 0.4236602628918099 0.6301136363636364 0.4211324570273003 0.628030303030303 0.41177957532861476 0.6289772727272728 0.3988877654196158 0.6310606060606061 0.3961071789686552 0.6549242424242424 0.3897876643073812
0 0.6668560606060606 0.46233569261880686 0.6814393939393939 0.46359959555106167 0.6823863636363636 0.4858442871587462 0.6804924242424243 0.4886248736097068 0.6556818181818181 0.49519716885743176 0.6460227272727272 0.49519716885743176 0.6420454545454546 0.4858442871587462 0.6420454545454546 0.4716885743174924 0.6439393939393939 0.4689079878665319 0.6668560606060606 0.4625884732052578
0 0.6837121212121212 0.4994944388270981 0.6903409090909091 0.4994944388270981 0.6933712121212121 0.5035389282103134 0.6954545454545454 0.5113751263902933 0.6954545454545454 0.5204752275025278 0.6933712121212121 0.5242669362992922 0.671780303030303 0.5295753286147624 0.6547348484848485 0.5376643073811931 0.6488636363636363 0.5364004044489383 0.6460227272727272 0.5242669362992922 0.646969696969697 0.5113751263902933 0.6837121212121212 0.49974721941354905
0 0.6776515151515151 0.5404448938321537 0.6823863636363636 0.5419615773508595 0.684469696969697 0.5472699696663297 0.684469696969697 0.5614256825075834 0.6814393939393939 0.5654701718907987 0.6676136363636364 0.5707785642062689 0.6577651515151515 0.5707785642062689 0.6528409090909091 0.5667340748230536 0.6509469696969697 0.5601617795753286 0.6518939393939394 0.5510616784630941 0.6568181818181819 0.5457532861476239 0.6776515151515151 0.5406976744186046
0 0.4971590909090909 0.6291708796764408 0.5028409090909091 0.6291708796764408 0.5077651515151516 0.6359959555106168 0.5147727272727273 0.6862992922143579 0.5147727272727273 0.6966632962588474 0.5107954545454545 0.7019716885743175 0.4990530303030303 0.7032355915065723 0.49507575757575756 0.6979271991911021 0.4871212121212121 0.6620323559150657 0.48522727272727273 0.6372598584428716 0.48806818181818185 0.6332153690596563 0.4971590909090909 0.6294236602628918
0 0.5119318181818182 0.7419110212335692 0.5178030303030303 0.7419110212335692 0.5236742424242424 0.7472194135490394 0.5297348484848485 0.7869059656218402 0.5297348484848485 0.8038422649140546 0.5267045454545455 0.80788675429727 0.5109848484848485 0.8091506572295247 0.5079545454545454 0.8038422649140546 0.5020833333333333 0.7666835187057633 0.5020833333333333 0.749747219413549 0.5039772727272728 0.7457027300303337 0.5119318181818182 0.7421638018200202
0 0.5229166666666667 0.4160768452982811 0.5325757575757576 0.4160768452982811 0.5365530303030303 0.4198685540950455 0.5386363636363637 0.4251769464105157 0.5386363636363637 0.4408493427704752 0.5365530303030303 0.4436299292214358 0.4941287878787879 0.4527300303336704 0.49015151515151517 0.45146612740141556 0.48522727272727273 0.442366026289181 0.4861742424242424 0.4304853387259858 0.49015151515151517 0.4251769464105157 0.5229166666666667 0.41632962588473205
0 0.5486742424242425 0.5298281092012134 0.5554924242424243 0.5298281092012134 0.559469696969697 0.5338725985844287 0.562310606060606 0.5444893832153691 0.562310606060606 0.5535894843276037 0.5604166666666667 0.5561172901921132 0.540719696969697 0.5614256825075834 0.5276515151515152 0.5679979777553084 0.5168560606060606 0.5667340748230536 0.5128787878787879 0.5573811931243681 0.5128787878787879 0.5457532861476239 0.5159090909090909 0.5419615773508595 0.5299242424242424 0.5351365015166836 0.5486742424242425 0.5300808897876643
0 0.4772727272727273 0.537917087967644 0.48996212121212124 0.5391809908998989 0.4948863636363636 0.5444893832153691 0.49981060606060607 0.58948432760364 0.49981060606060607 0.60262891809909 0.4948863636363636 0.6079373104145601 0.4831439393939394 0.609201213346815 0.4791666666666667 0.6038928210313448 0.47632575757575757 0.5763397371081901 0.47234848484848485 0.5601617795753286 0.47234848484848485 0.5432254802831142 0.4772727272727273 0.5381698685540951
0 0.5535984848484848 0.5669868554095046 0.5653409090909091 0.5669868554095046 0.5683712121212121 0.5710313447927199 0.5683712121212121 0.5920121334681496 0.562310606060606 0.595803842264914 0.5356060606060606 0.60262891809909 0.524810606060606 0.60262891809909 0.5198863636363636 0.5932760364004045 0.5208333333333334 0.5776036400404448 0.5278409090909091 0.5735591506572295 0.5535984848484848 0.5672396359959555
0 0.7034090909090909 0.6425682507583418 0.7151515151515152 0.6425682507583418 0.7181818181818181 0.6450960566228514 0.7202651515151515 0.6531850353892821 0.7202651515151515 0.6648129423660263 0.7181818181818181 0.6688574317492416 0.6973484848484849 0.6766936299292214 0.6806818181818182 0.6779575328614762 0.6776515151515151 0.6766936299292214 0.6736742424242425 0.6648129423660263 0.674810606060606 0.6531850353892821 0.6767045454545455 0.6504044489383215 0.7034090909090909 0.6428210313447927
0 0.7104166666666667 0.6835187057633973 0.7202651515151515 0.6847826086956522 0.7221590909090909 0.6888270980788676 0.7221590909090909 0.7044994944388271 0.7191287878787879 0.7098078867542973 0.6903409090909091 0.7191607684529828 0.6785984848484848 0.7191607684529828 0.6736742424242425 0.7098078867542973 0.674810606060606 0.6941354903943378 0.6895833333333333 0.6875631951466128 0.7104166666666667 0.6837714863498483
0 0.7134469696969697 0.7232052578361982 0.7221590909090909 0.7272497472194136 0.725189393939394 0.7406471183013145 0.7231060606060606 0.7469666329625885 0.709280303030303 0.756066734074823 0.6863636363636364 0.762891809908999 0.6785984848484848 0.7613751263902933 0.674810606060606 0.7535389282103134 0.674810606060606 0.7391304347826086 0.6767045454545455 0.7366026289180991 0.7134469696969697 0.7234580384226491
0 0.7193181818181819 0.7616279069767442 0.7261363636363637 0.7616279069767442 0.7310606060606061 0.7669362992922144 0.7320075757575758 0.7838725985844287 0.7291666666666666 0.787917087967644 0.7111742424242424 0.7944893832153691 0.6886363636363636 0.7985338725985844 0.6816287878787879 0.7932254802831142 0.6797348484848484 0.7838725985844287 0.6806818181818182 0.7737613751263903 0.6846590909090909 0.7697168857431749 0.7193181818181819 0.7618806875631952
0 0.5238636363636363 0.8425176946410515 0.5316287878787879 0.8425176946410515 0.5346590909090909 0.8450455005055612 0.540530303030303 0.8834681496461072 0.540530303030303 0.897876643073812 0.5375 0.9019211324570273 0.5238636363636363 0.9031850353892821 0.521969696969697 0.9006572295247725 0.5168560606060606 0.8794236602628918 0.5140151515151515 0.8490899898887766 0.5238636363636363 0.8427704752275025
0 0.7293560606060606 0.8212841253791708 0.7359848484848485 0.8225480283114257 0.7410984848484848 0.8319009100101112 0.7410984848484848 0.8501011122345804 0.7380681818181818 0.8541456016177957 0.7172348484848485 0.8634984833164813 0.6926136363636364 0.8675429726996967 0.6886363636363636 0.8634984833164813 0.6865530303030303 0.8488372093023255 0.687689393939394 0.839737108190091 0.6945075757575757 0.833164812942366 0.7181818181818181 0.8278564206268959 0.7293560606060606 0.8215369059656218
0 0.7361742424242425 0.8624873609706775 0.7420454545454546 0.8662790697674418 0.7460227272727272 0.8768958543983822 0.7460227272727272 0.884732052578362 0.7420454545454546 0.8913043478260869 0.7221590909090909 0.9006572295247725 0.7085227272727272 0.9019211324570273 0.7024621212121213 0.897876643073812 0.6996212121212121 0.8885237613751263 0.6996212121212121 0.8796764408493428 0.7015151515151515 0.8756319514661274 0.7361742424242425 0.8627401415571284
0 0.60625 0.96840242669363 0.615909090909091 0.9696663296258847 0.6198863636363636 0.9762386248736097 0.6210227272727272 0.9931749241658241 0.6170454545454546 0.999747219413549 0.571590909090909 0.999747219413549 0.5704545454545454 0.9972194135490394 0.5704545454545454 0.9815470171890799 0.5744318181818182 0.9762386248736097 0.60625 0.9686552072800809
0 0.7481060606060606 0.9352881698685541 0.7539772727272728 0.9365520728008089 0.7589015151515152 0.9459049544994944 0.7589015151515152 0.9575328614762386 0.7518939393939394 0.9668857431749242 0.7399621212121212 0.974721941354904 0.7212121212121212 0.9787664307381193 0.7143939393939394 0.9759858442871587 0.709469696969697 0.9668857431749242 0.709469696969697 0.9565217391304348 0.7125 0.9496966632962589 0.7204545454545455 0.9443882709807887 0.7481060606060606 0.9355409504550051